1	1.2836e-16
1.0031	1.2656e-16
1.0062	1.248e-16
1.0093	1.2308e-16
1.0124	1.2141e-16
1.0155	1.1979e-16
1.0186	1.182e-16
1.0217	1.1665e-16
1.0249	1.1514e-16
1.028	1.1368e-16
1.0312	1.1225e-16
1.0344	1.1085e-16
1.0375	1.0949e-16
1.0407	1.0817e-16
1.0439	1.0689e-16
1.0471	1.0564e-16
1.0504	1.0442e-16
1.0536	1.0323e-16
1.0568	1.0208e-16
1.0601	1.0096e-16
1.0633	9.9872e-17
1.0666	9.8816e-17
1.0699	9.7791e-17
1.0732	9.6797e-17
1.0765	9.5834e-17
1.0798	9.4903e-17
1.0831	9.4002e-17
1.0865	9.3133e-17
1.0898	9.2296e-17
1.0931	9.1491e-17
1.0965	9.072e-17
1.0999	8.9983e-17
1.1033	8.9283e-17
1.1067	8.8623e-17
1.1101	8.8005e-17
1.1135	8.7435e-17
1.1169	8.692e-17
1.1203	8.647e-17
1.1238	8.6102e-17
1.1272	8.5841e-17
1.1307	8.5725e-17
1.1342	8.5823e-17
1.1377	8.6258e-17
1.1412	8.7273e-17
1.1447	8.9401e-17
1.1482	9.4003e-17
1.1517	1.0541e-16
1.1553	1.4404e-16
1.1588	5.4075e-16
1.1624	2.2405e-16
1.166	1.1707e-16
1.1696	9.5422e-17
1.1732	8.7594e-17
1.1768	8.3898e-17
1.1804	8.1846e-17
1.184	8.0579e-17
1.1877	7.9738e-17
1.1913	7.9156e-17
1.195	7.8745e-17
1.1987	7.8457e-17
1.2023	7.8263e-17
1.206	7.8147e-17
1.2097	7.8097e-17
1.2135	7.8107e-17
1.2172	7.8174e-17
1.2209	7.8294e-17
1.2247	7.8469e-17
1.2285	7.8696e-17
1.2322	7.8979e-17
1.236	7.9317e-17
1.2398	7.9714e-17
1.2437	8.0171e-17
1.2475	8.0693e-17
1.2513	8.1283e-17
1.2552	8.1945e-17
1.259	8.2685e-17
1.2629	8.3507e-17
1.2668	8.442e-17
1.2707	8.543e-17
1.2746	8.6546e-17
1.2785	8.7778e-17
1.2824	8.9137e-17
1.2864	9.0636e-17
1.2903	9.229e-17
1.2943	9.4117e-17
1.2983	9.6137e-17
1.3023	9.8375e-17
1.3063	1.0086e-16
1.3103	1.0362e-16
1.3143	1.0671e-16
1.3184	1.1016e-16
1.3224	1.1404e-16
1.3265	1.1843e-16
1.3306	1.2342e-16
1.3347	1.2912e-16
1.3388	1.357e-16
1.3429	1.4333e-16
1.347	1.523e-16
1.3512	1.6295e-16
1.3553	1.758e-16
1.3595	1.9156e-16
1.3637	2.1132e-16
1.3679	2.3677e-16
1.3721	2.7075e-16
1.3763	3.1831e-16
1.3805	3.8948e-16
1.3848	5.0749e-16
1.389	7.4076e-16
1.3933	1.4177e-15
1.3976	2.7761e-14
1.4019	1.5183e-15
1.4062	7.2502e-16
1.4105	4.7026e-16
1.4149	3.4471e-16
1.4192	2.7002e-16
1.4236	2.2053e-16
1.428	1.8536e-16
1.4324	1.5911e-16
1.4368	1.3877e-16
1.4412	1.2257e-16
1.4456	1.0937e-16
1.4501	9.8416e-17
1.4545	8.9188e-17
1.459	8.1314e-17
1.4635	7.4521e-17
1.468	6.8606e-17
1.4725	6.3412e-17
1.477	5.8819e-17
1.4816	5.473e-17
1.4861	5.107e-17
1.4907	4.7778e-17
1.4953	4.4801e-17
1.4999	4.2099e-17
1.5045	3.9637e-17
1.5091	3.7386e-17
1.5138	3.5321e-17
1.5184	3.3422e-17
1.5231	3.1669e-17
1.5278	3.0049e-17
1.5325	2.8547e-17
1.5372	2.7151e-17
1.5419	2.5852e-17
1.5467	2.464e-17
1.5514	2.3508e-17
1.5562	2.2449e-17
1.561	2.1456e-17
1.5658	2.0524e-17
1.5706	1.9648e-17
1.5754	1.8823e-17
1.5803	1.8046e-17
1.5851	1.7312e-17
1.59	1.6619e-17
1.5949	1.5964e-17
1.5998	1.5344e-17
1.6047	1.4757e-17
1.6097	1.42e-17
1.6146	1.3671e-17
1.6196	1.3168e-17
1.6246	1.2691e-17
1.6296	1.2236e-17
1.6346	1.1803e-17
1.6396	1.1391e-17
1.6446	1.0998e-17
1.6497	1.0623e-17
1.6548	1.0265e-17
1.6599	9.9226e-18
1.665	9.5957e-18
1.6701	9.283e-18
1.6752	8.9838e-18
1.6804	8.6974e-18
1.6856	8.4231e-18
1.6907	8.1602e-18
1.6959	7.9082e-18
1.7012	7.6665e-18
1.7064	7.4346e-18
1.7116	7.2119e-18
1.7169	6.9982e-18
1.7222	6.7928e-18
1.7275	6.5954e-18
1.7328	6.4057e-18
1.7381	6.2232e-18
1.7435	6.0477e-18
1.7488	5.8788e-18
1.7542	5.7162e-18
1.7596	5.5597e-18
1.765	5.4089e-18
1.7704	5.2636e-18
1.7759	5.1236e-18
1.7814	4.9887e-18
1.7868	4.8586e-18
1.7923	4.7332e-18
1.7978	4.6121e-18
1.8034	4.4954e-18
1.8089	4.3827e-18
1.8145	4.274e-18
1.8201	4.169e-18
1.8257	4.0677e-18
1.8313	3.9699e-18
1.8369	3.8753e-18
1.8426	3.7841e-18
1.8482	3.6959e-18
1.8539	3.6107e-18
1.8596	3.5284e-18
1.8653	3.4488e-18
1.8711	3.3719e-18
1.8768	3.2976e-18
1.8826	3.2258e-18
1.8884	3.1564e-18
1.8942	3.0893e-18
1.9	3.0244e-18
1.9059	2.9618e-18
1.9117	2.9012e-18
1.9176	2.8426e-18
1.9235	2.786e-18
1.9294	2.7313e-18
1.9354	2.6785e-18
1.9413	2.6274e-18
1.9473	2.5781e-18
1.9533	2.5305e-18
1.9593	2.4846e-18
1.9653	2.4402e-18
1.9714	2.3974e-18
1.9774	2.3561e-18
1.9835	2.3163e-18
1.9896	2.2779e-18
1.9957	2.2409e-18
2.0019	2.2054e-18
2.008	2.1712e-18
2.0142	2.1383e-18
2.0204	2.1067e-18
2.0266	2.0764e-18
2.0328	2.0473e-18
2.0391	2.0195e-18
2.0454	1.993e-18
2.0517	1.9676e-18
2.058	1.9435e-18
2.0643	1.9206e-18
2.0706	1.8989e-18
2.077	1.8783e-18
2.0834	1.859e-18
2.0898	1.8409e-18
2.0962	1.8239e-18
2.1027	1.8082e-18
2.1092	1.7938e-18
2.1156	1.7806e-18
2.1221	1.7687e-18
2.1287	1.7581e-18
2.1352	1.7488e-18
2.1418	1.741e-18
2.1484	1.7346e-18
2.155	1.7297e-18
2.1616	1.7264e-18
2.1683	1.7248e-18
2.1749	1.7249e-18
2.1816	1.7268e-18
2.1883	1.7308e-18
2.1951	1.7369e-18
2.2018	1.7453e-18
2.2086	1.7563e-18
2.2154	1.77e-18
2.2222	1.7867e-18
2.229	1.8068e-18
2.2359	1.8306e-18
2.2428	1.8586e-18
2.2497	1.8915e-18
2.2566	1.9298e-18
2.2635	1.9744e-18
2.2705	2.0265e-18
2.2775	2.0872e-18
2.2845	2.1582e-18
2.2915	2.2417e-18
2.2985	2.3405e-18
2.3056	2.4584e-18
2.3127	2.6005e-18
2.3198	2.774e-18
2.327	2.9892e-18
2.3341	3.2619e-18
2.3413	3.6167e-18
2.3485	4.0948e-18
2.3557	4.7707e-18
2.363	5.7943e-18
2.3702	7.518e-18
2.3775	1.1015e-17
2.3848	2.1847e-17
2.3922	4.6574e-16
2.3995	1.8835e-17
2.4069	9.3288e-18
2.4143	6.0762e-18
2.4217	4.4376e-18
2.4292	3.4529e-18
2.4367	2.7976e-18
2.4442	2.3315e-18
2.4517	1.9842e-18
2.4592	1.7166e-18
2.4668	1.5051e-18
2.4744	1.335e-18
2.482	1.1965e-18
2.4896	1.0831e-18
2.4973	9.907e-19
2.505	9.1677e-19
2.5127	8.6048e-19
2.5204	8.2284e-19
2.5281	8.0762e-19
2.5359	8.2342e-19
2.5437	8.8915e-19
2.5515	1.0503e-18
2.5594	1.4456e-18
2.5673	2.7967e-18
2.5752	4.3281e-17
2.5831	2.4177e-18
2.591	1.255e-18
2.599	8.615e-19
2.607	6.6501e-19
2.615	5.4694e-19
2.623	4.6754e-19
2.6311	4.0991e-19
2.6392	3.6572e-19
2.6473	3.3042e-19
2.6555	3.0132e-19
2.6636	2.7676e-19
2.6718	2.5563e-19
2.68	2.3718e-19
2.6883	2.2088e-19
2.6966	2.0632e-19
2.7049	1.9323e-19
2.7132	1.8137e-19
2.7215	1.7056e-19
2.7299	1.6067e-19
2.7383	1.5158e-19
2.7467	1.432e-19
2.7552	1.3545e-19
2.7636	1.2826e-19
2.7721	1.2157e-19
2.7807	1.1534e-19
2.7892	1.0952e-19
2.7978	1.0408e-19
2.8064	9.8982e-20
2.815	9.4202e-20
2.8237	8.9712e-20
2.8324	8.549e-20
2.8411	8.1516e-20
2.8498	7.7771e-20
2.8586	7.4239e-20
2.8674	7.0904e-20
2.8762	6.7754e-20
2.8851	6.4774e-20
2.8939	6.1955e-20
2.9028	5.9286e-20
2.9118	5.6757e-20
2.9207	5.4359e-20
2.9297	5.2084e-20
2.9387	4.9925e-20
2.9477	4.7874e-20
2.9568	4.5926e-20
2.9659	4.4074e-20
2.975	4.2313e-20
2.9842	4.0637e-20
2.9934	3.9043e-20
3.0026	3.7524e-20
3.0118	3.6078e-20
3.0211	3.47e-20
3.0304	3.3386e-20
3.0397	3.2134e-20
3.049	3.0939e-20
3.0584	2.98e-20
3.0678	2.8712e-20
3.0772	2.7674e-20
3.0867	2.6683e-20
3.0962	2.5737e-20
3.1057	2.4833e-20
3.1153	2.3969e-20
3.1249	2.3144e-20
3.1345	2.2355e-20
3.1441	2.1601e-20
3.1538	2.088e-20
3.1635	2.0191e-20
3.1732	1.9533e-20
3.183	1.8902e-20
3.1928	1.83e-20
3.2026	1.7724e-20
3.2124	1.7172e-20
3.2223	1.6645e-20
3.2322	1.6141e-20
3.2422	1.5659e-20
3.2522	1.5198e-20
3.2622	1.4757e-20
3.2722	1.4335e-20
3.2823	1.3932e-20
3.2923	1.3547e-20
3.3025	1.3179e-20
3.3126	1.2828e-20
3.3228	1.2492e-20
3.333	1.2172e-20
3.3433	1.1867e-20
3.3536	1.1575e-20
3.3639	1.1298e-20
3.3742	1.1034e-20
3.3846	1.0783e-20
3.395	1.0544e-20
3.4055	1.0318e-20
3.4159	1.0104e-20
3.4265	9.9006e-21
3.437	9.7091e-21
3.4476	9.5287e-21
3.4582	9.3592e-21
3.4688	9.2004e-21
3.4795	9.0523e-21
3.4902	8.9148e-21
3.5009	8.7877e-21
3.5117	8.6711e-21
3.5225	8.5651e-21
3.5333	8.4698e-21
3.5442	8.3852e-21
3.5551	8.3116e-21
3.566	8.2492e-21
3.577	8.1985e-21
3.588	8.1599e-21
3.599	8.1339e-21
3.6101	8.1213e-21
3.6212	8.1228e-21
3.6323	8.1396e-21
3.6435	8.1728e-21
3.6547	8.2239e-21
3.666	8.2947e-21
3.6772	8.3876e-21
3.6885	8.5052e-21
3.6999	8.6509e-21
3.7113	8.8289e-21
3.7227	9.0446e-21
3.7341	9.3048e-21
3.7456	9.6182e-21
3.7571	9.9965e-21
3.7687	1.0455e-20
3.7803	1.1015e-20
3.7919	1.1706e-20
3.8036	1.2572e-20
3.8153	1.3678e-20
3.827	1.5125e-20
3.8388	1.7088e-20
3.8506	1.9877e-20
3.8624	2.4124e-20
3.8743	3.1327e-20
3.8862	4.6103e-20
3.8982	9.3173e-20
3.9102	9.8397e-19
3.9222	7.413e-20
3.9343	3.7305e-20
3.9464	2.4408e-20
3.9585	1.7853e-20
3.9707	1.3896e-20
3.9829	1.1254e-20
3.9952	9.369e-21
4.0074	7.9605e-21
4.0198	6.8703e-21
4.0321	6.0034e-21
4.0445	5.2991e-21
4.057	4.7167e-21
4.0695	4.2281e-21
4.082	3.813e-21
4.0945	3.4568e-21
4.1071	3.1482e-21
4.1198	2.8788e-21
4.1324	2.6419e-21
4.1451	2.4324e-21
4.1579	2.246e-21
4.1707	2.0793e-21
4.1835	1.9296e-21
4.1964	1.7947e-21
4.2093	1.6725e-21
4.2222	1.5616e-21
4.2352	1.4605e-21
4.2482	1.3681e-21
4.2613	1.2835e-21
4.2744	1.2058e-21
4.2876	1.1343e-21
4.3008	1.0683e-21
4.314	1.0072e-21
4.3273	9.5072e-22
4.3406	8.9828e-22
4.3539	8.4954e-22
4.3673	8.0417e-22
4.3807	7.6187e-22
4.3942	7.2238e-22
4.4077	6.8547e-22
4.4213	6.5091e-22
4.4349	6.1852e-22
4.4485	5.8814e-22
4.4622	5.596e-22
4.4759	5.3276e-22
4.4897	5.0751e-22
4.5035	4.8371e-22
4.5174	4.6127e-22
4.5313	4.401e-22
4.5452	4.201e-22
4.5592	4.0119e-22
4.5732	3.8331e-22
4.5873	3.6638e-22
4.6014	3.5034e-22
4.6155	3.3513e-22
4.6297	3.2071e-22
4.644	3.0702e-22
4.6582	2.9401e-22
4.6726	2.8165e-22
4.6869	2.699e-22
4.7014	2.5873e-22
4.7158	2.4809e-22
4.7303	2.3795e-22
4.7449	2.283e-22
4.7595	2.191e-22
4.7741	2.1032e-22
4.7888	2.0195e-22
4.8035	1.9396e-22
4.8183	1.8633e-22
4.8331	1.7904e-22
4.848	1.7208e-22
4.8629	1.6542e-22
4.8779	1.5906e-22
4.8929	1.5297e-22
4.9079	1.4714e-22
4.923	1.4157e-22
4.9382	1.3623e-22
4.9533	1.3112e-22
4.9686	1.2622e-22
4.9839	1.2152e-22
4.9992	1.1702e-22
5.0146	1.1271e-22
5.03	1.0857e-22
5.0455	1.046e-22
5.061	1.0079e-22
5.0765	9.713e-23
5.0922	9.3619e-23
5.1078	9.0249e-23
5.1235	8.7011e-23
5.1393	8.3902e-23
5.1551	8.0914e-23
5.171	7.8042e-23
5.1869	7.5282e-23
5.2028	7.2628e-23
5.2188	7.0076e-23
5.2349	6.7622e-23
5.251	6.5262e-23
5.2671	6.2991e-23
5.2833	6.0805e-23
5.2996	5.8702e-23
5.3159	5.6678e-23
5.3322	5.4729e-23
5.3486	5.2852e-23
5.3651	5.1045e-23
5.3816	4.9305e-23
5.3981	4.7629e-23
5.4147	4.6014e-23
5.4314	4.4457e-23
5.4481	4.2958e-23
5.4649	4.1513e-23
5.4817	4.012e-23
5.4985	3.8777e-23
5.5154	3.7482e-23
5.5324	3.6234e-23
5.5494	3.503e-23
5.5665	3.3869e-23
5.5836	3.2749e-23
5.6008	3.1668e-23
5.618	3.0626e-23
5.6353	2.962e-23
5.6526	2.865e-23
5.67	2.7713e-23
5.6875	2.681e-23
5.705	2.5937e-23
5.7225	2.5095e-23
5.7401	2.4282e-23
5.7578	2.3497e-23
5.7755	2.2739e-23
5.7932	2.2007e-23
5.8111	2.1301e-23
5.8289	2.0618e-23
5.8469	1.9959e-23
5.8648	1.9322e-23
5.8829	1.8707e-23
5.901	1.8112e-23
5.9191	1.7538e-23
5.9373	1.6983e-23
5.9556	1.6447e-23
5.9739	1.5929e-23
5.9923	1.5428e-23
6.0107	1.4944e-23
6.0292	1.4476e-23
6.0478	1.4024e-23
6.0664	1.3587e-23
6.085	1.3165e-23
6.1037	1.2756e-23
6.1225	1.2361e-23
6.1413	1.1979e-23
6.1602	1.161e-23
6.1792	1.1253e-23
6.1982	1.0908e-23
6.2172	1.0574e-23
6.2364	1.0251e-23
6.2555	9.9388e-24
6.2748	9.6367e-24
6.2941	9.3446e-24
6.3135	9.062e-24
6.3329	8.7886e-24
6.3523	8.5242e-24
6.3719	8.2684e-24
6.3915	8.0209e-24
6.4111	7.7815e-24
6.4309	7.5499e-24
6.4506	7.3258e-24
6.4705	7.109e-24
6.4904	6.8992e-24
6.5104	6.6962e-24
6.5304	6.4998e-24
6.5505	6.3098e-24
6.5706	6.1259e-24
6.5908	5.9479e-24
6.6111	5.7757e-24
6.6314	5.6091e-24
6.6518	5.4478e-24
6.6723	5.2918e-24
6.6928	5.1408e-24
6.7134	4.9946e-24
6.734	4.8532e-24
6.7548	4.7163e-24
6.7755	4.5839e-24
6.7964	4.4557e-24
6.8173	4.3317e-24
6.8383	4.2116e-24
6.8593	4.0954e-24
6.8804	3.983e-24
6.9015	3.8742e-24
6.9228	3.7689e-24
6.9441	3.6671e-24
6.9654	3.5685e-24
6.9869	3.473e-24
7.0083	3.3807e-24
7.0299	3.2914e-24
7.0515	3.2049e-24
7.0732	3.1213e-24
7.095	3.0403e-24
7.1168	2.962e-24
7.1387	2.8862e-24
7.1606	2.8129e-24
7.1827	2.742e-24
7.2048	2.6734e-24
7.2269	2.607e-24
7.2491	2.5427e-24
7.2714	2.4806e-24
7.2938	2.4205e-24
7.3162	2.3623e-24
7.3387	2.306e-24
7.3613	2.2516e-24
7.384	2.199e-24
7.4067	2.1481e-24
7.4295	2.0988e-24
7.4523	2.0512e-24
7.4752	2.0051e-24
7.4982	1.9605e-24
7.5213	1.9174e-24
7.5444	1.8757e-24
7.5676	1.8354e-24
7.5909	1.7964e-24
7.6143	1.7587e-24
7.6377	1.7222e-24
7.6612	1.6869e-24
7.6847	1.6528e-24
7.7084	1.6197e-24
7.7321	1.5878e-24
7.7559	1.5569e-24
7.7797	1.527e-24
7.8036	1.4981e-24
7.8276	1.4702e-24
7.8517	1.4431e-24
7.8759	1.4169e-24
7.9001	1.3916e-24
7.9244	1.3671e-24
7.9488	1.3433e-24
7.9732	1.3204e-24
7.9977	1.2981e-24
8.0223	1.2766e-24
8.047	1.2558e-24
8.0718	1.2356e-24
8.0966	1.216e-24
8.1215	1.1971e-24
8.1465	1.1787e-24
8.1715	1.1609e-24
8.1967	1.1437e-24
8.2219	1.1269e-24
8.2472	1.1107e-24
8.2725	1.095e-24
8.298	1.0797e-24
8.3235	1.0649e-24
8.3491	1.0505e-24
8.3748	1.0366e-24
8.4006	1.023e-24
8.4264	1.0098e-24
8.4523	9.97e-25
8.4783	9.8454e-25
8.5044	9.7242e-25
8.5305	9.6063e-25
8.5568	9.4916e-25
8.5831	9.3799e-25
8.6095	9.2711e-25
8.636	9.165e-25
8.6626	9.0617e-25
8.6892	8.9609e-25
8.7159	8.8626e-25
8.7427	8.7667e-25
8.7696	8.673e-25
8.7966	8.5815e-25
8.8237	8.4922e-25
8.8508	8.4048e-25
8.878	8.3194e-25
8.9053	8.2358e-25
8.9327	8.154e-25
8.9602	8.0739e-25
8.9878	7.9955e-25
9.0154	7.9186e-25
9.0431	7.8433e-25
9.0709	7.7694e-25
9.0988	7.6969e-25
9.1268	7.6257e-25
9.1549	7.5559e-25
9.1831	7.4873e-25
9.2113	7.4199e-25
9.2396	7.3536e-25
9.2681	7.2885e-25
9.2966	7.2244e-25
9.3252	7.1613e-25
9.3538	7.0993e-25
9.3826	7.0382e-25
9.4115	6.978e-25
9.4404	6.9187e-25
9.4695	6.8602e-25
9.4986	6.8026e-25
9.5278	6.7458e-25
9.5571	6.6898e-25
9.5865	6.6345e-25
9.616	6.5799e-25
9.6456	6.5261e-25
9.6752	6.4729e-25
9.705	6.4204e-25
9.7349	6.3686e-25
9.7648	6.3173e-25
9.7948	6.2667e-25
9.825	6.2167e-25
9.8552	6.1672e-25
9.8855	6.1184e-25
9.9159	6.07e-25
9.9464	6.0223e-25
9.977	5.975e-25
10.008	5.9283e-25
10.038	5.882e-25
10.069	5.8363e-25
10.1	5.7911e-25
10.131	5.7464e-25
10.163	5.7021e-25
10.194	5.6583e-25
10.225	5.615e-25
10.257	5.5722e-25
10.288	5.5298e-25
10.32	5.4878e-25
10.352	5.4463e-25
10.383	5.4052e-25
10.415	5.3645e-25
10.447	5.3243e-25
10.479	5.2845e-25
10.512	5.2451e-25
10.544	5.2061e-25
10.576	5.1675e-25
10.609	5.1294e-25
10.642	5.0916e-25
10.674	5.0543e-25
10.707	5.0173e-25
10.74	4.9808e-25
10.773	4.9446e-25
10.806	4.9089e-25
10.84	4.8735e-25
10.873	4.8386e-25
10.906	4.804e-25
10.94	4.7698e-25
10.974	4.7361e-25
11.007	4.7027e-25
11.041	4.6697e-25
11.075	4.637e-25
11.109	4.6048e-25
11.143	4.5729e-25
11.178	4.5415e-25
11.212	4.5104e-25
11.246	4.4796e-25
11.281	4.4493e-25
11.316	4.4193e-25
11.351	4.3897e-25
11.386	4.3605e-25
11.421	4.3317e-25
11.456	4.3032e-25
11.491	4.275e-25
11.526	4.2473e-25
11.562	4.2199e-25
11.597	4.1929e-25
11.633	4.1662e-25
11.669	4.1399e-25
11.705	4.1139e-25
11.741	4.0883e-25
11.777	4.063e-25
11.813	4.0381e-25
11.849	4.0135e-25
11.886	3.9892e-25
11.922	3.9653e-25
11.959	3.9417e-25
11.996	3.9185e-25
12.033	3.8956e-25
12.07	3.873e-25
12.107	3.8507e-25
12.144	3.8287e-25
12.181	3.8071e-25
12.219	3.7858e-25
12.256	3.7647e-25
12.294	3.744e-25
12.332	3.7236e-25
12.37	3.7035e-25
12.408	3.6836e-25
12.446	3.6641e-25
12.484	3.6448e-25
12.523	3.6259e-25
12.561	3.6072e-25
12.6	3.5887e-25
12.639	3.5706e-25
12.678	3.5527e-25
12.717	3.5351e-25
12.756	3.5177e-25
12.795	3.5006e-25
12.834	3.4838e-25
12.874	3.4672e-25
12.913	3.4508e-25
12.953	3.4347e-25
12.993	3.4188e-25
13.033	3.4032e-25
13.073	3.3878e-25
13.113	3.3726e-25
13.153	3.3577e-25
13.194	3.3429e-25
13.234	3.3284e-25
13.275	3.3141e-25
13.316	3.3e-25
13.357	3.2862e-25
13.398	3.2725e-25
13.439	3.259e-25
13.481	3.2457e-25
13.522	3.2327e-25
13.564	3.2198e-25
13.605	3.2071e-25
13.647	3.1945e-25
13.689	3.1822e-25
13.731	3.17e-25
13.774	3.1581e-25
13.816	3.1463e-25
13.858	3.1346e-25
13.901	3.1231e-25
13.944	3.1118e-25
13.987	3.1007e-25
14.03	3.0897e-25
14.073	3.0789e-25
14.116	3.0682e-25
14.16	3.0577e-25
14.203	3.0473e-25
14.247	3.0371e-25
14.291	3.027e-25
14.335	3.0171e-25
14.379	3.0073e-25
14.423	2.9976e-25
14.467	2.9881e-25
14.512	2.9787e-25
14.556	2.9694e-25
14.601	2.9603e-25
14.646	2.9513e-25
14.691	2.9424e-25
14.736	2.9336e-25
14.782	2.9249e-25
14.827	2.9164e-25
14.873	2.908e-25
14.918	2.8997e-25
14.964	2.8915e-25
15.01	2.8834e-25
15.057	2.8755e-25
15.103	2.8676e-25
15.149	2.8598e-25
15.196	2.8522e-25
15.243	2.8446e-25
15.29	2.8372e-25
15.337	2.8298e-25
15.384	2.8226e-25
15.431	2.8154e-25
15.479	2.8083e-25
15.526	2.8013e-25
15.574	2.7944e-25
15.622	2.7876e-25
15.67	2.7809e-25
15.718	2.7743e-25
15.766	2.7678e-25
15.815	2.7613e-25
15.864	2.7549e-25
15.912	2.7486e-25
15.961	2.7424e-25
16.01	2.7363e-25
16.06	2.7302e-25
16.109	2.7242e-25
16.159	2.7183e-25
16.208	2.7125e-25
16.258	2.7067e-25
16.308	2.7011e-25
16.358	2.6954e-25
16.409	2.6899e-25
16.459	2.6844e-25
16.51	2.679e-25
16.56	2.6736e-25
16.611	2.6683e-25
16.663	2.6631e-25
16.714	2.658e-25
16.765	2.6529e-25
16.817	2.6478e-25
16.868	2.6429e-25
16.92	2.638e-25
16.972	2.6331e-25
17.025	2.6283e-25
17.077	2.6236e-25
17.129	2.6189e-25
17.182	2.6142e-25
17.235	2.6097e-25
17.288	2.6051e-25
17.341	2.6007e-25
17.395	2.5963e-25
17.448	2.5919e-25
17.502	2.5876e-25
17.556	2.5833e-25
17.61	2.5791e-25
17.664	2.5749e-25
17.718	2.5708e-25
17.773	2.5667e-25
17.827	2.5627e-25
17.882	2.5587e-25
17.937	2.5548e-25
17.992	2.5509e-25
18.048	2.5471e-25
18.103	2.5432e-25
18.159	2.5395e-25
18.215	2.5358e-25
18.271	2.5321e-25
18.327	2.5284e-25
18.383	2.5248e-25
18.44	2.5213e-25
18.496	2.5178e-25
18.553	2.5143e-25
18.61	2.5108e-25
18.668	2.5074e-25
18.725	2.5041e-25
18.783	2.5007e-25
18.84	2.4974e-25
18.898	2.4942e-25
18.957	2.491e-25
19.015	2.4878e-25
19.073	2.4846e-25
19.132	2.4815e-25
19.191	2.4784e-25
19.25	2.4753e-25
19.309	2.4723e-25
19.368	2.4693e-25
19.428	2.4663e-25
19.488	2.4634e-25
19.548	2.4605e-25
19.608	2.4576e-25
19.668	2.4548e-25
19.729	2.452e-25
19.789	2.4492e-25
19.85	2.4465e-25
19.911	2.4437e-25
19.973	2.441e-25
20.034	2.4384e-25
20.096	2.4357e-25
20.157	2.4331e-25
20.219	2.4305e-25
20.282	2.4279e-25
20.344	2.4254e-25
20.407	2.4229e-25
20.469	2.4204e-25
20.532	2.4179e-25
20.595	2.4155e-25
20.659	2.4131e-25
20.722	2.4107e-25
20.786	2.4083e-25
20.85	2.406e-25
20.914	2.4037e-25
20.978	2.4014e-25
21.043	2.3991e-25
21.108	2.3968e-25
21.173	2.3946e-25
21.238	2.3924e-25
21.303	2.3902e-25
21.369	2.388e-25
21.434	2.3859e-25
21.5	2.3838e-25
21.566	2.3816e-25
21.633	2.3796e-25
21.699	2.3775e-25
21.766	2.3754e-25
21.833	2.3734e-25
21.9	2.3714e-25
21.967	2.3694e-25
22.035	2.3674e-25
22.103	2.3655e-25
22.171	2.3636e-25
22.239	2.3616e-25
22.307	2.3597e-25
22.376	2.3579e-25
22.445	2.356e-25
22.514	2.3541e-25
22.583	2.3523e-25
22.653	2.3505e-25
22.722	2.3487e-25
22.792	2.3469e-25
22.862	2.3452e-25
22.933	2.3434e-25
23.003	2.3417e-25
23.074	2.34e-25
23.145	2.3383e-25
23.216	2.3366e-25
23.287	2.3349e-25
23.359	2.3332e-25
23.431	2.3316e-25
23.503	2.33e-25
23.575	2.3284e-25
23.648	2.3268e-25
23.721	2.3252e-25
23.794	2.3236e-25
23.867	2.322e-25
23.94	2.3205e-25
24.014	2.319e-25
24.088	2.3174e-25
24.162	2.3159e-25
24.236	2.3145e-25
24.311	2.313e-25
24.385	2.3115e-25
24.46	2.3101e-25
24.536	2.3086e-25
24.611	2.3072e-25
24.687	2.3058e-25
24.763	2.3044e-25
24.839	2.303e-25
24.915	2.3016e-25
24.992	2.3002e-25
25.069	2.2989e-25
25.146	2.2975e-25
25.223	2.2962e-25
25.301	2.2949e-25
25.379	2.2935e-25
25.457	2.2922e-25
25.535	2.2909e-25
25.614	2.2897e-25
25.692	2.2884e-25
25.771	2.2871e-25
25.851	2.2859e-25
25.93	2.2846e-25
26.01	2.2834e-25
26.09	2.2822e-25
26.17	2.281e-25
26.251	2.2798e-25
26.331	2.2786e-25
26.412	2.2774e-25
26.494	2.2762e-25
26.575	2.2751e-25
26.657	2.2739e-25
26.739	2.2728e-25
26.821	2.2716e-25
26.904	2.2705e-25
26.986	2.2694e-25
27.069	2.2683e-25
27.153	2.2672e-25
27.236	2.2661e-25
27.32	2.265e-25
27.404	2.2639e-25
27.488	2.2629e-25
27.573	2.2618e-25
27.658	2.2608e-25
27.743	2.2597e-25
27.828	2.2587e-25
27.914	2.2577e-25
27.999	2.2567e-25
28.086	2.2557e-25
28.172	2.2547e-25
28.259	2.2537e-25
28.346	2.2527e-25
28.433	2.2517e-25
28.52	2.2507e-25
28.608	2.2498e-25
28.696	2.2488e-25
28.784	2.2479e-25
28.873	2.2469e-25
28.961	2.246e-25
29.051	2.245e-25
29.14	2.2441e-25
29.23	2.2432e-25
29.319	2.2423e-25
29.41	2.2414e-25
29.5	2.2405e-25
29.591	2.2396e-25
29.682	2.2387e-25
29.773	2.2379e-25
29.865	2.237e-25
29.957	2.2361e-25
30.049	2.2353e-25
30.141	2.2344e-25
30.234	2.2336e-25
30.327	2.2328e-25
30.42	2.2319e-25
30.514	2.2311e-25
30.608	2.2303e-25
30.702	2.2295e-25
30.796	2.2287e-25
30.891	2.2279e-25
30.986	2.2271e-25
31.081	2.2263e-25
31.177	2.2255e-25
31.273	2.2247e-25
31.369	2.2239e-25
31.465	2.2232e-25
31.562	2.2224e-25
31.659	2.2217e-25
31.757	2.2209e-25
31.854	2.2202e-25
31.952	2.2194e-25
32.051	2.2187e-25
32.149	2.218e-25
32.248	2.2172e-25
32.347	2.2165e-25
32.447	2.2158e-25
32.546	2.2151e-25
32.647	2.2144e-25
32.747	2.2137e-25
32.848	2.213e-25
32.949	2.2123e-25
33.05	2.2116e-25
33.152	2.2109e-25
33.254	2.2102e-25
33.356	2.2096e-25
33.459	2.2089e-25
33.562	2.2082e-25
33.665	2.2076e-25
33.768	2.2069e-25
33.872	2.2063e-25
33.976	2.2056e-25
34.081	2.205e-25
34.186	2.2044e-25
34.291	2.2037e-25
34.396	2.2031e-25
34.502	2.2025e-25
34.608	2.2019e-25
34.715	2.2012e-25
34.821	2.2006e-25
34.929	2.2e-25
35.036	2.1994e-25
35.144	2.1988e-25
35.252	2.1982e-25
35.36	2.1976e-25
35.469	2.197e-25
35.578	2.1965e-25
35.688	2.1959e-25
35.797	2.1953e-25
35.907	2.1947e-25
36.018	2.1942e-25
36.129	2.1936e-25
36.24	2.193e-25
36.351	2.1925e-25
36.463	2.1919e-25
36.575	2.1914e-25
36.688	2.1908e-25
36.801	2.1903e-25
36.914	2.1898e-25
37.027	2.1892e-25
37.141	2.1887e-25
37.256	2.1882e-25
37.37	2.1876e-25
37.485	2.1871e-25
37.6	2.1866e-25
37.716	2.1861e-25
37.832	2.1856e-25
37.948	2.1851e-25
38.065	2.1845e-25
38.182	2.184e-25
38.3	2.1835e-25
38.417	2.183e-25
38.536	2.1826e-25
38.654	2.1821e-25
38.773	2.1816e-25
38.892	2.1811e-25
39.012	2.1806e-25
39.132	2.1801e-25
39.252	2.1797e-25
39.373	2.1792e-25
39.494	2.1787e-25
39.616	2.1783e-25
39.737	2.1778e-25
39.86	2.1773e-25
39.982	2.1769e-25
40.105	2.1764e-25
40.229	2.176e-25
40.352	2.1755e-25
40.476	2.1751e-25
40.601	2.1746e-25
40.726	2.1742e-25
40.851	2.1738e-25
40.977	2.1733e-25
41.103	2.1729e-25
41.229	2.1725e-25
41.356	2.172e-25
41.483	2.1716e-25
41.611	2.1712e-25
41.739	2.1708e-25
41.867	2.1703e-25
41.996	2.1699e-25
42.125	2.1695e-25
42.255	2.1691e-25
42.385	2.1687e-25
42.515	2.1683e-25
42.646	2.1679e-25
42.777	2.1675e-25
42.909	2.1671e-25
43.041	2.1667e-25
43.173	2.1663e-25
43.306	2.1659e-25
43.439	2.1655e-25
43.573	2.1651e-25
43.707	2.1648e-25
43.841	2.1644e-25
43.976	2.164e-25
44.111	2.1636e-25
44.247	2.1633e-25
44.383	2.1629e-25
44.519	2.1625e-25
44.656	2.1621e-25
44.794	2.1618e-25
44.931	2.1614e-25
45.07	2.1611e-25
45.208	2.1607e-25
45.347	2.1603e-25
45.487	2.16e-25
45.627	2.1596e-25
45.767	2.1593e-25
45.908	2.1589e-25
46.049	2.1586e-25
46.191	2.1582e-25
46.333	2.1579e-25
46.475	2.1576e-25
46.618	2.1572e-25
46.762	2.1569e-25
46.905	2.1566e-25
47.05	2.1562e-25
47.194	2.1559e-25
47.34	2.1556e-25
47.485	2.1552e-25
47.631	2.1549e-25
47.778	2.1546e-25
47.925	2.1543e-25
48.072	2.1539e-25
48.22	2.1536e-25
48.368	2.1533e-25
48.517	2.153e-25
48.666	2.1527e-25
48.816	2.1524e-25
48.966	2.1521e-25
49.117	2.1518e-25
49.268	2.1515e-25
49.419	2.1512e-25
49.571	2.1509e-25
49.724	2.1506e-25
49.877	2.1503e-25
50.03	2.15e-25
50.184	2.1497e-25
50.339	2.1494e-25
50.493	2.1491e-25
50.649	2.1488e-25
50.804	2.1485e-25
50.961	2.1482e-25
51.117	2.1479e-25
51.275	2.1477e-25
51.432	2.1474e-25
51.591	2.1471e-25
51.749	2.1468e-25
51.908	2.1465e-25
52.068	2.1463e-25
52.228	2.146e-25
52.389	2.1457e-25
52.55	2.1454e-25
52.712	2.1452e-25
52.874	2.1449e-25
53.037	2.1446e-25
53.2	2.1444e-25
53.363	2.1441e-25
53.527	2.1439e-25
53.692	2.1436e-25
53.857	2.1433e-25
54.023	2.1431e-25
54.189	2.1428e-25
54.356	2.1426e-25
54.523	2.1423e-25
54.691	2.1421e-25
54.859	2.1418e-25
55.028	2.1416e-25
55.197	2.1413e-25
55.367	2.1411e-25
55.537	2.1408e-25
55.708	2.1406e-25
55.879	2.1403e-25
56.051	2.1401e-25
56.223	2.1399e-25
56.396	2.1396e-25
56.57	2.1394e-25
56.744	2.1391e-25
56.918	2.1389e-25
57.093	2.1387e-25
57.269	2.1385e-25
57.445	2.1382e-25
57.622	2.138e-25
57.799	2.1378e-25
57.977	2.1375e-25
58.155	2.1373e-25
58.334	2.1371e-25
58.513	2.1369e-25
58.693	2.1366e-25
58.874	2.1364e-25
59.055	2.1362e-25
59.237	2.136e-25
59.419	2.1358e-25
59.602	2.1356e-25
59.785	2.1353e-25
59.969	2.1351e-25
60.153	2.1349e-25
60.338	2.1347e-25
60.524	2.1345e-25
60.71	2.1343e-25
60.897	2.1341e-25
61.084	2.1339e-25
61.272	2.1337e-25
61.461	2.1335e-25
61.65	2.1333e-25
61.839	2.1331e-25
62.029	2.1329e-25
62.22	2.1327e-25
62.412	2.1325e-25
62.604	2.1323e-25
62.796	2.1321e-25
62.989	2.1319e-25
63.183	2.1317e-25
63.377	2.1315e-25
63.572	2.1313e-25
63.768	2.1311e-25
63.964	2.1309e-25
64.161	2.1307e-25
64.358	2.1305e-25
64.556	2.1304e-25
64.755	2.1302e-25
64.954	2.13e-25
65.154	2.1298e-25
65.354	2.1296e-25
65.555	2.1294e-25
65.757	2.1293e-25
65.959	2.1291e-25
66.162	2.1289e-25
66.365	2.1287e-25
66.569	2.1285e-25
66.774	2.1284e-25
66.98	2.1282e-25
67.186	2.128e-25
67.392	2.1278e-25
67.599	2.1277e-25
67.807	2.1275e-25
68.016	2.1273e-25
68.225	2.1272e-25
68.435	2.127e-25
68.646	2.1268e-25
68.857	2.1267e-25
69.068	2.1265e-25
69.281	2.1263e-25
69.494	2.1262e-25
69.708	2.126e-25
69.922	2.1258e-25
70.137	2.1257e-25
70.353	2.1255e-25
70.569	2.1254e-25
70.786	2.1252e-25
71.004	2.125e-25
71.223	2.1249e-25
71.442	2.1247e-25
71.661	2.1246e-25
71.882	2.1244e-25
72.103	2.1243e-25
72.325	2.1241e-25
72.547	2.124e-25
72.77	2.1238e-25
72.994	2.1237e-25
73.219	2.1235e-25
73.444	2.1234e-25
73.67	2.1232e-25
73.896	2.1231e-25
74.124	2.1229e-25
74.352	2.1228e-25
74.58	2.1226e-25
74.81	2.1225e-25
75.04	2.1224e-25
75.271	2.1222e-25
75.502	2.1221e-25
75.734	2.1219e-25
75.967	2.1218e-25
76.201	2.1217e-25
76.435	2.1215e-25
76.67	2.1214e-25
76.906	2.1212e-25
77.143	2.1211e-25
77.38	2.121e-25
77.618	2.1208e-25
77.857	2.1207e-25
78.096	2.1206e-25
78.337	2.1204e-25
78.578	2.1203e-25
78.819	2.1202e-25
79.062	2.1201e-25
79.305	2.1199e-25
79.549	2.1198e-25
79.793	2.1197e-25
80.039	2.1195e-25
80.285	2.1194e-25
80.532	2.1193e-25
80.78	2.1192e-25
81.028	2.119e-25
81.277	2.1189e-25
81.527	2.1188e-25
81.778	2.1187e-25
82.03	2.1186e-25
82.282	2.1184e-25
82.535	2.1183e-25
82.789	2.1182e-25
83.044	2.1181e-25
83.299	2.118e-25
83.555	2.1179e-25
83.812	2.1177e-25
84.07	2.1176e-25
84.329	2.1175e-25
84.588	2.1174e-25
84.848	2.1173e-25
85.109	2.1172e-25
85.371	2.1171e-25
85.634	2.1169e-25
85.897	2.1168e-25
86.161	2.1167e-25
86.426	2.1166e-25
86.692	2.1165e-25
86.959	2.1164e-25
87.226	2.1163e-25
87.494	2.1162e-25
87.764	2.1161e-25
88.034	2.116e-25
88.304	2.1159e-25
88.576	2.1158e-25
88.848	2.1157e-25
89.122	2.1156e-25
89.396	2.1155e-25
89.671	2.1154e-25
89.947	2.1153e-25
90.223	2.1152e-25
90.501	2.1151e-25
90.779	2.115e-25
91.058	2.1149e-25
91.338	2.1148e-25
91.619	2.1147e-25
91.901	2.1146e-25
92.184	2.1145e-25
92.467	2.1144e-25
92.752	2.1143e-25
93.037	2.1142e-25
93.323	2.1141e-25
93.61	2.114e-25
93.898	2.1139e-25
94.187	2.1138e-25
94.477	2.1137e-25
94.767	2.1136e-25
95.059	2.1136e-25
95.351	2.1135e-25
95.645	2.1134e-25
95.939	2.1133e-25
96.234	2.1132e-25
96.53	2.1131e-25
96.827	2.113e-25
97.125	2.1129e-25
97.423	2.1129e-25
97.723	2.1128e-25
98.024	2.1127e-25
98.325	2.1126e-25
98.627	2.1125e-25
98.931	2.1124e-25
99.235	2.1124e-25
99.54	2.1123e-25
99.847	2.1122e-25
100.15	2.1121e-25
100.46	2.112e-25
100.77	2.112e-25
101.08	2.1119e-25
101.39	2.1118e-25
101.7	2.1117e-25
102.02	2.1117e-25
102.33	2.1116e-25
102.64	2.1115e-25
102.96	2.1114e-25
103.28	2.1114e-25
103.59	2.1113e-25
103.91	2.1112e-25
104.23	2.1111e-25
104.55	2.1111e-25
104.88	2.111e-25
105.2	2.1109e-25
105.52	2.1109e-25
105.85	2.1108e-25
106.17	2.1107e-25
106.5	2.1106e-25
106.83	2.1106e-25
107.15	2.1105e-25
107.48	2.1104e-25
107.81	2.1104e-25
108.15	2.1103e-25
108.48	2.1102e-25
108.81	2.1102e-25
109.15	2.1101e-25
109.48	2.1101e-25
109.82	2.11e-25
110.16	2.1099e-25
110.5	2.1099e-25
110.84	2.1098e-25
111.18	2.1097e-25
111.52	2.1097e-25
111.86	2.1096e-25
112.21	2.1096e-25
112.55	2.1095e-25
112.9	2.1094e-25
113.24	2.1094e-25
113.59	2.1093e-25
113.94	2.1093e-25
114.29	2.1092e-25
114.64	2.1092e-25
115	2.1091e-25
115.35	2.1091e-25
115.71	2.109e-25
116.06	2.1089e-25
116.42	2.1089e-25
116.78	2.1088e-25
117.14	2.1088e-25
117.5	2.1087e-25
117.86	2.1087e-25
118.22	2.1086e-25
118.58	2.1086e-25
118.95	2.1085e-25
119.31	2.1085e-25
119.68	2.1084e-25
120.05	2.1084e-25
120.42	2.1083e-25
120.79	2.1083e-25
121.16	2.1083e-25
121.53	2.1082e-25
121.91	2.1082e-25
122.28	2.1081e-25
122.66	2.1081e-25
123.04	2.108e-25
123.41	2.108e-25
123.79	2.108e-25
124.17	2.1079e-25
124.56	2.1079e-25
124.94	2.1078e-25
125.32	2.1078e-25
125.71	2.1077e-25
126.1	2.1077e-25
126.48	2.1077e-25
126.87	2.1076e-25
127.26	2.1076e-25
127.65	2.1076e-25
128.05	2.1075e-25
128.44	2.1075e-25
128.84	2.1075e-25
129.23	2.1074e-25
129.63	2.1074e-25
130.03	2.1073e-25
130.43	2.1073e-25
130.83	2.1073e-25
131.23	2.1073e-25
131.64	2.1072e-25
132.04	2.1072e-25
132.45	2.1072e-25
132.85	2.1071e-25
133.26	2.1071e-25
133.67	2.1071e-25
134.08	2.107e-25
134.5	2.107e-25
134.91	2.107e-25
135.32	2.107e-25
135.74	2.1069e-25
136.16	2.1069e-25
136.58	2.1069e-25
137	2.1069e-25
137.42	2.1068e-25
137.84	2.1068e-25
138.27	2.1068e-25
138.69	2.1068e-25
139.12	2.1067e-25
139.55	2.1067e-25
139.97	2.1067e-25
140.4	2.1067e-25
140.84	2.1067e-25
141.27	2.1066e-25
141.7	2.1066e-25
142.14	2.1066e-25
142.58	2.1066e-25
143.02	2.1066e-25
143.46	2.1066e-25
143.9	2.1065e-25
144.34	2.1065e-25
144.78	2.1065e-25
145.23	2.1065e-25
145.68	2.1065e-25
146.12	2.1065e-25
146.57	2.1065e-25
147.02	2.1065e-25
147.48	2.1064e-25
147.93	2.1064e-25
148.39	2.1064e-25
148.84	2.1064e-25
149.3	2.1064e-25
149.76	2.1064e-25
150.22	2.1064e-25
150.68	2.1064e-25
151.14	2.1064e-25
151.61	2.1064e-25
152.08	2.1064e-25
152.54	2.1064e-25
153.01	2.1064e-25
153.48	2.1063e-25
153.96	2.1063e-25
154.43	2.1063e-25
154.9	2.1063e-25
155.38	2.1063e-25
155.86	2.1063e-25
156.34	2.1063e-25
156.82	2.1063e-25
157.3	2.1063e-25
157.79	2.1063e-25
158.27	2.1063e-25
158.76	2.1063e-25
159.25	2.1063e-25
159.74	2.1064e-25
160.23	2.1064e-25
160.72	2.1064e-25
161.21	2.1064e-25
161.71	2.1064e-25
162.21	2.1064e-25
162.71	2.1064e-25
163.21	2.1064e-25
163.71	2.1064e-25
164.21	2.1064e-25
164.72	2.1064e-25
165.22	2.1064e-25
165.73	2.1065e-25
166.24	2.1065e-25
166.75	2.1065e-25
167.27	2.1065e-25
167.78	2.1065e-25
168.3	2.1065e-25
168.81	2.1065e-25
169.33	2.1065e-25
169.85	2.1066e-25
170.38	2.1066e-25
170.9	2.1066e-25
171.43	2.1066e-25
171.95	2.1066e-25
172.48	2.1067e-25
173.01	2.1067e-25
173.55	2.1067e-25
174.08	2.1067e-25
174.61	2.1067e-25
175.15	2.1068e-25
175.69	2.1068e-25
176.23	2.1068e-25
176.77	2.1068e-25
177.32	2.1069e-25
177.86	2.1069e-25
178.41	2.1069e-25
178.96	2.1069e-25
179.51	2.107e-25
180.06	2.107e-25
180.61	2.107e-25
181.17	2.1071e-25
181.73	2.1071e-25
182.29	2.1071e-25
182.85	2.1072e-25
183.41	2.1072e-25
183.97	2.1072e-25
184.54	2.1073e-25
185.11	2.1073e-25
185.68	2.1073e-25
186.25	2.1074e-25
186.82	2.1074e-25
187.39	2.1075e-25
187.97	2.1075e-25
188.55	2.1075e-25
189.13	2.1076e-25
189.71	2.1076e-25
190.29	2.1077e-25
190.88	2.1077e-25
191.47	2.1077e-25
192.06	2.1078e-25
192.65	2.1078e-25
193.24	2.1079e-25
193.83	2.1079e-25
194.43	2.108e-25
195.03	2.108e-25
195.63	2.1081e-25
196.23	2.1081e-25
196.83	2.1082e-25
197.44	2.1082e-25
198.05	2.1083e-25
198.65	2.1083e-25
199.27	2.1084e-25
199.88	2.1084e-25
200.49	2.1085e-25
201.11	2.1085e-25
201.73	2.1086e-25
202.35	2.1087e-25
202.97	2.1087e-25
203.6	2.1088e-25
204.22	2.1088e-25
204.85	2.1089e-25
205.48	2.109e-25
206.11	2.109e-25
206.75	2.1091e-25
207.38	2.1092e-25
208.02	2.1092e-25
208.66	2.1093e-25
209.3	2.1094e-25
209.95	2.1094e-25
210.59	2.1095e-25
211.24	2.1096e-25
211.89	2.1096e-25
212.54	2.1097e-25
213.19	2.1098e-25
213.85	2.1099e-25
214.51	2.1099e-25
215.17	2.11e-25
215.83	2.1101e-25
216.49	2.1102e-25
217.16	2.1102e-25
217.83	2.1103e-25
218.5	2.1104e-25
219.17	2.1105e-25
219.84	2.1106e-25
220.52	2.1107e-25
221.2	2.1108e-25
221.88	2.1108e-25
222.56	2.1109e-25
223.25	2.111e-25
223.93	2.1111e-25
224.62	2.1112e-25
225.31	2.1113e-25
226	2.1114e-25
226.7	2.1115e-25
227.4	2.1116e-25
228.1	2.1117e-25
228.8	2.1118e-25
229.5	2.112e-25
230.21	2.1121e-25
230.92	2.1122e-25
231.63	2.1124e-25
232.34	2.1126e-25
233.05	2.1128e-25
233.77	2.113e-25
234.49	2.1134e-25
235.21	2.114e-25
235.93	2.115e-25
236.66	2.1174e-25
237.39	2.1259e-25
238.12	2.2471e-25
238.85	2.1964e-25
239.59	2.124e-25
240.32	2.1173e-25
241.06	2.1154e-25
241.8	2.1147e-25
242.55	2.1145e-25
243.29	2.1143e-25
244.04	2.1143e-25
244.79	2.1143e-25
245.54	2.1144e-25
246.3	2.1144e-25
247.06	2.1145e-25
247.82	2.1146e-25
248.58	2.1147e-25
249.34	2.1148e-25
250.11	2.1149e-25
250.88	2.115e-25
251.65	2.1152e-25
252.43	2.1153e-25
253.2	2.1154e-25
253.98	2.1155e-25
254.76	2.1157e-25
255.55	2.1158e-25
256.33	2.1159e-25
257.12	2.116e-25
257.91	2.1162e-25
258.7	2.1163e-25
259.5	2.1165e-25
260.3	2.1166e-25
261.1	2.1167e-25
261.9	2.1169e-25
262.71	2.117e-25
263.52	2.1172e-25
264.33	2.1173e-25
265.14	2.1175e-25
265.96	2.1176e-25
266.77	2.1178e-25
267.59	2.1179e-25
268.42	2.1181e-25
269.24	2.1182e-25
270.07	2.1184e-25
270.9	2.1185e-25
271.73	2.1187e-25
272.57	2.1188e-25
273.41	2.119e-25
274.25	2.1192e-25
275.09	2.1193e-25
275.94	2.1195e-25
276.79	2.1197e-25
277.64	2.1198e-25
278.49	2.12e-25
279.35	2.1202e-25
280.21	2.1203e-25
281.07	2.1205e-25
281.94	2.1207e-25
282.8	2.1209e-25
283.67	2.121e-25
284.55	2.1212e-25
285.42	2.1214e-25
286.3	2.1216e-25
287.18	2.1218e-25
288.06	2.122e-25
288.95	2.1221e-25
289.84	2.1223e-25
290.73	2.1225e-25
291.62	2.1227e-25
292.52	2.1229e-25
293.42	2.1231e-25
294.32	2.1233e-25
295.23	2.1235e-25
296.14	2.1237e-25
297.05	2.1239e-25
297.96	2.1241e-25
298.88	2.1243e-25
299.8	2.1245e-25
300.72	2.1247e-25
301.64	2.1249e-25
302.57	2.1251e-25
303.5	2.1254e-25
304.43	2.1256e-25
305.37	2.1258e-25
306.31	2.126e-25
307.25	2.1262e-25
308.2	2.1264e-25
309.15	2.1267e-25
310.1	2.1269e-25
311.05	2.1271e-25
312.01	2.1273e-25
312.97	2.1276e-25
313.93	2.1278e-25
314.9	2.128e-25
315.86	2.1283e-25
316.84	2.1285e-25
317.81	2.1288e-25
318.79	2.129e-25
319.77	2.1292e-25
320.75	2.1295e-25
321.74	2.1297e-25
322.73	2.13e-25
323.72	2.1302e-25
324.72	2.1305e-25
325.71	2.1307e-25
326.72	2.131e-25
327.72	2.1312e-25
328.73	2.1315e-25
329.74	2.1318e-25
330.76	2.132e-25
331.77	2.1323e-25
332.79	2.1326e-25
333.82	2.1328e-25
334.84	2.1331e-25
335.87	2.1334e-25
336.91	2.1337e-25
337.94	2.1339e-25
338.98	2.1342e-25
340.02	2.1345e-25
341.07	2.1348e-25
342.12	2.1351e-25
343.17	2.1354e-25
344.23	2.1356e-25
345.29	2.1359e-25
346.35	2.1362e-25
347.41	2.1365e-25
348.48	2.1368e-25
349.55	2.1371e-25
350.63	2.1374e-25
351.71	2.1377e-25
352.79	2.138e-25
353.87	2.1384e-25
354.96	2.1387e-25
356.06	2.139e-25
357.15	2.1393e-25
358.25	2.1396e-25
359.35	2.1399e-25
360.46	2.1403e-25
361.56	2.1406e-25
362.68	2.1409e-25
363.79	2.1413e-25
364.91	2.1416e-25
366.03	2.1419e-25
367.16	2.1423e-25
368.29	2.1426e-25
369.42	2.1429e-25
370.56	2.1433e-25
371.7	2.1436e-25
372.84	2.144e-25
373.99	2.1443e-25
375.14	2.1447e-25
376.29	2.1451e-25
377.45	2.1454e-25
378.61	2.1458e-25
379.78	2.1461e-25
380.94	2.1465e-25
382.11	2.1469e-25
383.29	2.1473e-25
384.47	2.1476e-25
385.65	2.148e-25
386.84	2.1484e-25
388.03	2.1488e-25
389.22	2.1492e-25
390.42	2.1496e-25
391.62	2.15e-25
392.82	2.1504e-25
394.03	2.1507e-25
395.24	2.1512e-25
396.46	2.1516e-25
397.68	2.152e-25
398.9	2.1524e-25
400.13	2.1528e-25
401.36	2.1532e-25
402.59	2.1536e-25
403.83	2.154e-25
405.08	2.1545e-25
406.32	2.1549e-25
407.57	2.1553e-25
408.82	2.1558e-25
410.08	2.1562e-25
411.34	2.1566e-25
412.61	2.1571e-25
413.88	2.1575e-25
415.15	2.158e-25
416.43	2.1584e-25
417.71	2.1589e-25
418.99	2.1593e-25
420.28	2.1598e-25
421.58	2.1603e-25
422.87	2.1607e-25
424.17	2.1612e-25
425.48	2.1617e-25
426.79	2.1622e-25
428.1	2.1626e-25
429.42	2.1631e-25
430.74	2.1636e-25
432.06	2.1641e-25
433.39	2.1646e-25
434.72	2.1651e-25
436.06	2.1656e-25
437.4	2.1661e-25
438.75	2.1666e-25
440.1	2.1671e-25
441.45	2.1676e-25
442.81	2.1681e-25
444.17	2.1687e-25
445.54	2.1692e-25
446.91	2.1697e-25
448.28	2.1703e-25
449.66	2.1708e-25
451.04	2.1713e-25
452.43	2.1719e-25
453.82	2.1724e-25
455.22	2.173e-25
456.62	2.1735e-25
458.02	2.1741e-25
459.43	2.1747e-25
460.84	2.1752e-25
462.26	2.1758e-25
463.68	2.1764e-25
465.11	2.177e-25
466.54	2.1775e-25
467.98	2.1781e-25
469.42	2.1787e-25
470.86	2.1793e-25
472.31	2.18e-25
473.76	2.1807e-25
475.22	2.1818e-25
476.68	2.2275e-25
478.15	2.1835e-25
479.62	2.1832e-25
481.09	2.1837e-25
482.57	2.1843e-25
484.06	2.1849e-25
485.54	2.1855e-25
487.04	2.1861e-25
488.54	2.1868e-25
490.04	2.1874e-25
491.55	2.1881e-25
493.06	2.1887e-25
494.57	2.1894e-25
496.1	2.19e-25
497.62	2.1907e-25
499.15	2.1914e-25
500.69	2.1921e-25
502.23	2.1927e-25
503.77	2.1934e-25
505.32	2.1941e-25
506.88	2.1948e-25
508.43	2.1955e-25
510	2.1962e-25
511.57	2.1969e-25
513.14	2.1977e-25
514.72	2.1984e-25
516.3	2.1991e-25
517.89	2.1998e-25
519.48	2.2006e-25
521.08	2.2013e-25
522.68	2.2021e-25
524.29	2.2028e-25
525.9	2.2036e-25
527.52	2.2043e-25
529.14	2.2051e-25
530.77	2.2059e-25
532.4	2.2066e-25
534.04	2.2074e-25
535.69	2.2082e-25
537.33	2.209e-25
538.99	2.2098e-25
540.64	2.2106e-25
542.31	2.2114e-25
543.97	2.2122e-25
545.65	2.213e-25
547.33	2.2139e-25
549.01	2.2147e-25
550.7	2.2155e-25
552.39	2.2164e-25
554.09	2.2172e-25
555.8	2.2181e-25
557.5	2.2189e-25
559.22	2.2198e-25
560.94	2.2207e-25
562.67	2.2215e-25
564.4	2.2224e-25
566.13	2.2233e-25
567.87	2.2242e-25
569.62	2.2251e-25
571.37	2.226e-25
573.13	2.2269e-25
574.89	2.2278e-25
576.66	2.2287e-25
578.43	2.2297e-25
580.21	2.2306e-25
582	2.2315e-25
583.79	2.2325e-25
585.58	2.2334e-25
587.39	2.2344e-25
589.19	2.2354e-25
591	2.2363e-25
592.82	2.2373e-25
594.65	2.2383e-25
596.47	2.2393e-25
598.31	2.2403e-25
600.15	2.2413e-25
602	2.2423e-25
603.85	2.2433e-25
605.7	2.2443e-25
607.57	2.2453e-25
609.44	2.2464e-25
611.31	2.2474e-25
613.19	2.2485e-25
615.08	2.2495e-25
616.97	2.2506e-25
618.87	2.2517e-25
620.77	2.2527e-25
622.68	2.2538e-25
624.6	2.2549e-25
626.52	2.256e-25
628.44	2.2571e-25
630.38	2.2582e-25
632.32	2.2593e-25
634.26	2.2605e-25
636.21	2.2616e-25
638.17	2.2627e-25
640.13	2.2639e-25
642.1	2.265e-25
644.07	2.2662e-25
646.06	2.2674e-25
648.04	2.2686e-25
650.04	2.2697e-25
652.04	2.2709e-25
654.04	2.2721e-25
656.05	2.2733e-25
658.07	2.2746e-25
660.1	2.2758e-25
662.13	2.277e-25
664.16	2.2783e-25
666.2	2.2795e-25
668.25	2.2808e-25
670.31	2.282e-25
672.37	2.2833e-25
674.44	2.2846e-25
676.51	2.2859e-25
678.59	2.2872e-25
680.68	2.2885e-25
682.78	2.2898e-25
684.88	2.2911e-25
686.98	2.2924e-25
689.1	2.2938e-25
691.22	2.2951e-25
693.34	2.2965e-25
695.47	2.2978e-25
697.61	2.2992e-25
699.76	2.3006e-25
701.91	2.302e-25
704.07	2.3034e-25
706.24	2.3048e-25
708.41	2.3062e-25
710.59	2.3076e-25
712.77	2.3091e-25
714.96	2.3149e-25
717.16	2.3121e-25
719.37	2.3134e-25
721.58	2.3149e-25
723.8	2.3164e-25
726.03	2.3178e-25
728.26	2.3193e-25
730.5	2.3208e-25
732.75	2.3224e-25
735	2.3239e-25
737.26	2.3254e-25
739.53	2.327e-25
741.81	2.3285e-25
744.09	2.3301e-25
746.38	2.3317e-25
748.67	2.3332e-25
750.97	2.3348e-25
753.28	2.3364e-25
755.6	2.3381e-25
757.93	2.3397e-25
760.26	2.3413e-25
762.6	2.343e-25
764.94	2.3446e-25
767.29	2.3463e-25
769.65	2.3479e-25
772.02	2.3496e-25
774.4	2.3513e-25
776.78	2.353e-25
779.17	2.3547e-25
781.56	2.3565e-25
783.97	2.3582e-25
786.38	2.36e-25
788.8	2.3617e-25
791.22	2.3635e-25
793.66	2.3653e-25
796.1	2.3671e-25
798.55	2.3689e-25
801	2.3707e-25
803.47	2.3725e-25
805.94	2.3743e-25
808.42	2.3762e-25
810.9	2.378e-25
813.4	2.3799e-25
815.9	2.3818e-25
818.41	2.3837e-25
820.93	2.3856e-25
823.45	2.3875e-25
825.99	2.3894e-25
828.53	2.3914e-25
831.07	2.3933e-25
833.63	2.3953e-25
836.19	2.3972e-25
838.77	2.3992e-25
841.35	2.4012e-25
843.93	2.4032e-25
846.53	2.4052e-25
849.13	2.4073e-25
851.75	2.4093e-25
854.37	2.4114e-25
856.99	2.4134e-25
859.63	2.4155e-25
862.27	2.4176e-25
864.93	2.4197e-25
867.59	2.4218e-25
870.26	2.424e-25
872.93	2.4261e-25
875.62	2.4283e-25
878.31	2.4304e-25
881.01	2.4326e-25
883.72	2.4348e-25
886.44	2.437e-25
889.17	2.4392e-25
891.9	2.4415e-25
894.64	2.4437e-25
897.4	2.446e-25
900.16	2.4483e-25
902.93	2.4505e-25
905.7	2.4528e-25
908.49	2.4551e-25
911.28	2.4575e-25
914.09	2.4598e-25
916.9	2.4622e-25
919.72	2.4645e-25
922.55	2.4669e-25
925.38	2.4693e-25
928.23	2.4717e-25
931.09	2.4741e-25
933.95	2.4766e-25
936.82	2.479e-25
939.7	2.4815e-25
942.59	2.4839e-25
945.49	2.4864e-25
948.4	2.4889e-25
951.32	2.4915e-25
954.24	2.4949e-25
957.18	2.4966e-25
960.12	2.4991e-25
963.08	2.5017e-25
966.04	2.5043e-25
969.01	2.5069e-25
971.99	2.5095e-25
974.98	2.5121e-25
977.98	2.5148e-25
980.99	2.5174e-25
984.01	2.5201e-25
987.03	2.5228e-25
990.07	2.5255e-25
993.11	2.5282e-25
996.17	2.531e-25
999.23	2.5337e-25
1002.3	2.5365e-25
1005.4	2.5393e-25
1008.5	2.5421e-25
1011.6	2.5449e-25
1014.7	2.5477e-25
1017.8	2.5505e-25
1020.9	2.5534e-25
1024.1	2.5563e-25
1027.2	2.5592e-25
1030.4	2.5621e-25
1033.6	2.565e-25
1036.7	2.5679e-25
1039.9	2.5709e-25
1043.1	2.5738e-25
1046.3	2.5768e-25
1049.6	2.5798e-25
1052.8	2.5828e-25
1056	2.5858e-25
1059.3	2.5889e-25
1062.5	2.5919e-25
1065.8	2.595e-25
1069.1	2.5981e-25
1072.4	2.6012e-25
1075.7	2.6043e-25
1079	2.6075e-25
1082.3	2.6106e-25
1085.6	2.6138e-25
1089	2.617e-25
1092.3	2.6202e-25
1095.7	2.6234e-25
1099	2.6267e-25
1102.4	2.6299e-25
1105.8	2.6332e-25
1109.2	2.6365e-25
1112.6	2.6398e-25
1116	2.6431e-25
1119.5	2.6464e-25
1122.9	2.6498e-25
1126.4	2.6531e-25
1129.8	2.6565e-25
1133.3	2.6599e-25
1136.8	2.6634e-25
1140.3	2.6668e-25
1143.8	2.6702e-25
1147.3	2.6737e-25
1150.9	2.6772e-25
1154.4	2.6807e-25
1157.9	2.6842e-25
1161.5	2.6877e-25
1165.1	2.6913e-25
1168.7	2.6949e-25
1172.3	2.6984e-25
1175.9	2.702e-25
1179.5	2.7057e-25
1183.1	2.7093e-25
1186.7	2.7129e-25
1190.4	2.7166e-25
1194.1	2.7203e-25
1197.7	2.724e-25
1201.4	2.7277e-25
1205.1	2.7314e-25
1208.8	2.7352e-25
1212.5	2.739e-25
1216.3	2.7427e-25
1220	2.7465e-25
1223.8	2.7504e-25
1227.5	2.7542e-25
1231.3	2.758e-25
1235.1	2.7619e-25
1238.9	2.7658e-25
1242.7	2.7697e-25
1246.5	2.7736e-25
1250.4	2.7775e-25
1254.2	2.7815e-25
1258.1	2.7855e-25
1261.9	2.7894e-25
1265.8	2.7934e-25
1269.7	2.7975e-25
1273.6	2.8015e-25
1277.5	2.8055e-25
1281.5	2.8096e-25
1285.4	2.8137e-25
1289.3	2.8178e-25
1293.3	2.8219e-25
1297.3	2.826e-25
1301.3	2.8302e-25
1305.3	2.8343e-25
1309.3	2.8385e-25
1313.3	2.8427e-25
1317.4	2.8469e-25
1321.4	2.8511e-25
1325.5	2.8554e-25
1329.6	2.8596e-25
1333.6	2.8639e-25
1337.8	2.8682e-25
1341.9	2.8725e-25
1346	2.8768e-25
1350.1	2.8812e-25
1354.3	2.8855e-25
1358.5	2.8899e-25
1362.6	2.8943e-25
1366.8	2.8986e-25
1371	2.9031e-25
1375.2	2.9075e-25
1379.5	2.9119e-25
1383.7	2.9164e-25
1388	2.9208e-25
1392.2	2.9253e-25
1396.5	2.9298e-25
1400.8	2.9343e-25
1405.1	2.9389e-25
1409.5	2.9434e-25
1413.8	2.948e-25
1418.1	2.9525e-25
1422.5	2.9571e-25
1426.9	2.9617e-25
1431.3	2.9665e-25
1435.7	2.9709e-25
1440.1	2.9756e-25
1444.5	2.9802e-25
1449	2.9849e-25
1453.4	2.9895e-25
1457.9	2.9942e-25
1462.4	2.9989e-25
1466.9	3.0036e-25
1471.4	3.0084e-25
1475.9	3.0131e-25
1480.4	3.0178e-25
1485	3.0226e-25
1489.6	3.0274e-25
1494.1	3.0321e-25
1498.7	3.0369e-25
1503.3	3.0417e-25
1508	3.0465e-25
1512.6	3.0514e-25
1517.3	3.0562e-25
1521.9	3.061e-25
1526.6	3.0659e-25
1531.3	3.0708e-25
1536	3.0756e-25
1540.7	3.0805e-25
1545.5	3.0854e-25
1550.2	3.0903e-25
1555	3.0952e-25
1559.8	3.1001e-25
1564.6	3.105e-25
1569.4	3.11e-25
1574.2	3.1149e-25
1579.1	3.1199e-25
1583.9	3.1248e-25
1588.8	3.1298e-25
1593.7	3.1347e-25
1598.6	3.1397e-25
1603.5	3.1447e-25
1608.4	3.1497e-25
1613.4	3.1546e-25
1618.3	3.1596e-25
1623.3	3.1646e-25
1628.3	3.1696e-25
1633.3	3.1746e-25
1638.3	3.1796e-25
1643.4	3.1847e-25
1648.4	3.1897e-25
1653.5	3.1947e-25
1658.6	3.1997e-25
1663.7	3.2047e-25
1668.8	3.2103e-25
1673.9	3.2148e-25
1679.1	3.2198e-25
1684.3	3.2248e-25
1689.4	3.2299e-25
1694.6	3.2349e-25
1699.8	3.2399e-25
1705.1	3.2449e-25
1710.3	3.25e-25
1715.6	3.255e-25
1720.9	3.26e-25
1726.2	3.265e-25
1731.5	3.27e-25
1736.8	3.275e-25
1742.1	3.28e-25
1747.5	3.285e-25
1752.9	3.29e-25
1758.3	3.295e-25
1763.7	3.3e-25
1769.1	3.305e-25
1774.5	3.3099e-25
1780	3.3149e-25
1785.5	3.3199e-25
1791	3.3248e-25
1796.5	3.3298e-25
1802	3.3347e-25
1807.5	3.3396e-25
1813.1	3.3445e-25
1818.7	3.3494e-25
1824.3	3.3543e-25
1829.9	3.3592e-25
1835.5	3.364e-25
1841.1	3.3689e-25
1846.8	3.3737e-25
1852.5	3.3785e-25
1858.2	3.3833e-25
1863.9	3.3881e-25
1869.6	3.3929e-25
1875.4	3.3976e-25
1881.2	3.4024e-25
1886.9	3.4071e-25
1892.7	3.4118e-25
1898.6	3.4165e-25
1904.4	3.4212e-25
1910.3	3.4258e-25
1916.1	3.4304e-25
1922	3.435e-25
1927.9	3.4396e-25
1933.9	3.4441e-25
1939.8	3.4487e-25
1945.8	3.4532e-25
1951.8	3.4576e-25
1957.8	3.4621e-25
1963.8	3.4665e-25
1969.8	3.4709e-25
1975.9	3.4753e-25
1982	3.4796e-25
1988.1	3.4839e-25
1994.2	3.4882e-25
2000.3	3.4924e-25
2006.5	3.4966e-25
2012.6	3.5008e-25
2018.8	3.505e-25
2025	3.5091e-25
2031.3	3.5131e-25
2037.5	3.5172e-25
2043.8	3.5212e-25
2050.1	3.5251e-25
2056.4	3.529e-25
2062.7	3.5329e-25
2069.1	3.5367e-25
2075.4	3.5405e-25
2081.8	3.5443e-25
2088.2	3.548e-25
2094.6	3.5517e-25
2101.1	3.5553e-25
2107.5	3.5588e-25
2114	3.5624e-25
2120.5	3.5658e-25
2127	3.5693e-25
2133.6	3.5726e-25
2140.1	3.5759e-25
2146.7	3.5792e-25
2153.3	3.5824e-25
2160	3.5856e-25
2166.6	3.5887e-25
2173.3	3.5917e-25
2179.9	3.5947e-25
2186.7	3.5976e-25
2193.4	3.6005e-25
2200.1	3.6033e-25
2206.9	3.606e-25
2213.7	3.6087e-25
2220.5	3.6113e-25
2227.3	3.6138e-25
2234.2	3.6163e-25
2241	3.6187e-25
2247.9	3.6211e-25
2254.9	3.6233e-25
2261.8	3.6255e-25
2268.7	3.6276e-25
2275.7	3.6297e-25
2282.7	3.6317e-25
2289.7	3.6337e-25
2296.8	3.6357e-25
2303.8	3.6375e-25
2310.9	3.6393e-25
2318	3.641e-25
2325.2	3.6426e-25
2332.3	3.6441e-25
2339.5	3.6456e-25
2346.7	3.6469e-25
2353.9	3.6482e-25
2361.2	3.6493e-25
2368.4	3.6504e-25
2375.7	3.6514e-25
2383	3.6523e-25
2390.3	3.6531e-25
2397.7	3.6538e-25
2405.1	3.6544e-25
2412.5	3.6549e-25
2419.9	3.6553e-25
2427.3	3.6556e-25
2434.8	3.6558e-25
2442.3	3.6559e-25
2449.8	3.6559e-25
2457.3	3.6558e-25
2464.9	3.6555e-25
2472.5	3.6552e-25
2480.1	3.6547e-25
2487.7	3.6542e-25
2495.4	3.6535e-25
2503	3.6527e-25
2510.7	3.6518e-25
2518.5	3.6507e-25
2526.2	3.6495e-25
2534	3.6482e-25
2541.8	3.6468e-25
2549.6	3.6453e-25
2557.4	3.6436e-25
2565.3	3.6418e-25
2573.2	3.6399e-25
2581.1	3.6378e-25
2589	3.6356e-25
2597	3.6333e-25
2605	3.6308e-25
2613	3.6282e-25
2621	3.6255e-25
2629.1	3.6226e-25
2637.2	3.6195e-25
2645.3	3.6163e-25
2653.4	3.613e-25
2661.6	3.6095e-25
2669.8	3.6059e-25
2678	3.6021e-25
2686.2	3.5982e-25
2694.5	3.5941e-25
2702.8	3.5898e-25
2711.1	3.5854e-25
2719.4	3.5808e-25
2727.8	3.5761e-25
2736.2	3.5712e-25
2744.6	3.5661e-25
2753	3.5609e-25
2761.5	3.5555e-25
2770	3.5499e-25
2778.5	3.5442e-25
2787.1	3.5382e-25
2795.6	3.5321e-25
2804.2	3.5259e-25
2812.9	3.5194e-25
2821.5	3.5128e-25
2830.2	3.506e-25
2838.9	3.499e-25
2847.6	3.4918e-25
2856.4	3.4844e-25
2865.2	3.4769e-25
2874	3.4691e-25
2882.8	3.4612e-25
2891.7	3.453e-25
2900.6	3.4447e-25
2909.5	3.4362e-25
2918.5	3.4275e-25
2927.4	3.4185e-25
2936.4	3.4094e-25
2945.5	3.4001e-25
2954.5	3.3906e-25
2963.6	3.3808e-25
2972.7	3.3709e-25
2981.9	3.3607e-25
2991.1	3.3504e-25
3000.3	3.3398e-25
3009.5	3.329e-25
3018.7	3.318e-25
3028	3.3068e-25
3037.3	3.2954e-25
3046.7	3.2837e-25
3056.1	3.2719e-25
3065.5	3.2598e-25
3074.9	3.2475e-25
3084.3	3.235e-25
3093.8	3.2222e-25
3103.3	3.2093e-25
3112.9	3.1961e-25
3122.5	3.1827e-25
3132.1	3.169e-25
3141.7	3.1552e-25
3151.4	3.1411e-25
3161.1	3.1267e-25
3170.8	3.1122e-25
3180.5	3.0974e-25
3190.3	3.0824e-25
3200.1	3.0671e-25
3210	3.0517e-25
3219.9	3.036e-25
3229.8	3.02e-25
3239.7	3.0039e-25
3249.7	2.9875e-25
3259.7	2.9709e-25
3269.7	2.954e-25
3279.7	2.9369e-25
3289.8	2.9196e-25
3299.9	2.9021e-25
3310.1	2.8843e-25
3320.3	2.8663e-25
3330.5	2.8481e-25
3340.7	2.8296e-25
3351	2.811e-25
3361.3	2.7921e-25
3371.7	2.7729e-25
3382	2.7536e-25
3392.4	2.7341e-25
3402.9	2.7143e-25
3413.3	2.6943e-25
3423.8	2.6741e-25
3434.4	2.6537e-25
3444.9	2.6331e-25
3455.5	2.6123e-25
3466.1	2.5913e-25
3476.8	2.5701e-25
3487.5	2.5487e-25
3498.2	2.5271e-25
3509	2.5054e-25
3519.8	2.4834e-25
3530.6	2.4613e-25
3541.5	2.439e-25
3552.4	2.4166e-25
3563.3	2.394e-25
3574.2	2.3713e-25
3585.2	2.3484e-25
3596.3	2.3254e-25
3607.3	2.3023e-25
3618.4	2.279e-25
3629.6	2.2557e-25
3640.7	2.2323e-25
3651.9	2.2087e-25
3663.1	2.1852e-25
3674.4	2.1615e-25
3685.7	2.1378e-25
3697.1	2.1141e-25
3708.4	2.0903e-25
3719.8	2.0666e-25
3731.3	2.0428e-25
3742.8	2.0191e-25
3754.3	1.9955e-25
3765.8	1.9719e-25
3777.4	1.9484e-25
3789	1.925e-25
3800.7	1.9018e-25
3812.4	1.8787e-25
3824.1	1.8558e-25
3835.8	1.8331e-25
3847.6	1.8107e-25
3859.5	1.7885e-25
3871.4	1.7666e-25
3883.3	1.7451e-25
3895.2	1.724e-25
3907.2	1.7032e-25
3919.2	1.683e-25
3931.3	1.6632e-25
3943.3	1.6439e-25
3955.5	1.6252e-25
3967.6	1.6072e-25
3979.8	1.5898e-25
3992.1	1.5731e-25
4004.4	1.5572e-25
4016.7	1.5422e-25
4029	1.528e-25
4041.4	1.5147e-25
4053.9	1.5024e-25
4066.3	1.4911e-25
4078.8	1.4808e-25
4091.4	1.4718e-25
4104	1.4638e-25
4116.6	1.4571e-25
4129.3	1.4517e-25
4142	1.4476e-25
4154.7	1.4448e-25
4167.5	1.4434e-25
4180.3	1.4435e-25
4193.2	1.4449e-25
4206.1	1.4478e-25
4219	1.4522e-25
4232	1.4581e-25
4245	1.4655e-25
4258	1.4744e-25
4271.1	1.4848e-25
4284.3	1.4967e-25
4297.5	1.5101e-25
4310.7	1.5249e-25
4323.9	1.5412e-25
4337.2	1.5589e-25
4350.6	1.5779e-25
4364	1.5984e-25
4377.4	1.6201e-25
4390.8	1.6432e-25
4404.3	1.6675e-25
4417.9	1.693e-25
4431.5	1.7197e-25
4445.1	1.7475e-25
4458.8	1.7764e-25
4472.5	1.8063e-25
4486.3	1.8373e-25
4500.1	1.8692e-25
4513.9	1.9021e-25
4527.8	1.9359e-25
4541.7	1.9705e-25
4555.7	2.0059e-25
4569.7	2.0421e-25
4583.7	2.079e-25
4597.8	2.1167e-25
4612	2.155e-25
4626.2	2.1939e-25
4640.4	2.2334e-25
4654.7	2.2735e-25
4669	2.3142e-25
4683.4	2.3553e-25
4697.8	2.3969e-25
4712.2	2.439e-25
4726.7	2.4815e-25
4741.2	2.5244e-25
4755.8	2.5676e-25
4770.5	2.6112e-25
4785.1	2.6551e-25
4799.8	2.6993e-25
4814.6	2.7438e-25
4829.4	2.7885e-25
4844.3	2.8334e-25
4859.2	2.8785e-25
4874.1	2.9238e-25
4889.1	2.9692e-25
4904.1	3.0147e-25
4919.2	3.0604e-25
4934.4	3.1062e-25
4949.5	3.152e-25
4964.8	3.1978e-25
4980	3.2437e-25
4995.4	3.2896e-25
5010.7	3.3354e-25
5026.1	3.3812e-25
5041.6	3.427e-25
5057.1	3.4727e-25
5072.7	3.5183e-25
5088.3	3.5637e-25
5103.9	3.6091e-25
5119.6	3.6543e-25
5135.4	3.6992e-25
5151.1	3.744e-25
5167	3.7886e-25
5182.9	3.833e-25
5198.8	3.8771e-25
5214.8	3.9209e-25
5230.9	3.9644e-25
5246.9	4.0077e-25
5263.1	4.0505e-25
5279.3	4.0931e-25
5295.5	4.1352e-25
5311.8	4.177e-25
5328.1	4.2184e-25
5344.5	4.2593e-25
5361	4.2998e-25
5377.5	4.3398e-25
5394	4.3793e-25
5410.6	4.4184e-25
5427.2	4.4569e-25
5443.9	4.4948e-25
5460.7	4.5322e-25
5477.5	4.569e-25
5494.3	4.6051e-25
5511.2	4.6407e-25
5528.2	4.6756e-25
5545.2	4.7098e-25
5562.2	4.7434e-25
5579.3	4.7762e-25
5596.5	4.8083e-25
5613.7	4.8396e-25
5631	4.8702e-25
5648.3	4.9e-25
5665.7	4.929e-25
5683.1	4.9571e-25
5700.6	4.9844e-25
5718.1	5.0108e-25
5735.7	5.0363e-25
5753.3	5.061e-25
5771	5.0846e-25
5788.8	5.1073e-25
5806.6	5.1291e-25
5824.5	5.1498e-25
5842.4	5.1696e-25
5860.3	5.1882e-25
5878.4	5.2059e-25
5896.4	5.2224e-25
5914.6	5.2379e-25
5932.8	5.2522e-25
5951	5.2654e-25
5969.3	5.2774e-25
5987.7	5.2883e-25
6006.1	5.2979e-25
6024.6	5.3064e-25
6043.1	5.3136e-25
6061.7	5.3195e-25
6080.3	5.3242e-25
6099	5.3275e-25
6117.8	5.3296e-25
6136.6	5.3303e-25
6155.5	5.3297e-25
6174.4	5.3277e-25
6193.4	5.3243e-25
6212.5	5.3195e-25
6231.6	5.3132e-25
6250.7	5.3056e-25
6270	5.2965e-25
6289.3	5.2859e-25
6308.6	5.2738e-25
6328	5.2602e-25
6347.5	5.245e-25
6367	5.2284e-25
6386.6	5.2102e-25
6406.2	5.1904e-25
6425.9	5.169e-25
6445.7	5.1461e-25
6465.5	5.1215e-25
6485.4	5.0953e-25
6505.4	5.0675e-25
6525.4	5.038e-25
6545.4	5.0069e-25
6565.6	4.9741e-25
6585.8	4.9396e-25
6606	4.9035e-25
6626.3	4.8656e-25
6646.7	4.8261e-25
6667.2	4.7848e-25
6687.7	4.7418e-25
6708.2	4.6971e-25
6728.9	4.6507e-25
6749.6	4.6026e-25
6770.3	4.5527e-25
6791.2	4.5011e-25
6812	4.4478e-25
6833	4.3927e-25
6854	4.3359e-25
6875.1	4.2774e-25
6896.2	4.2171e-25
6917.5	4.1551e-25
6938.7	4.0914e-25
6960.1	4.0261e-25
6981.5	3.959e-25
7003	3.8902e-25
7024.5	3.8198e-25
7046.1	3.7477e-25
7067.8	3.674e-25
7089.5	3.5987e-25
7111.3	3.5218e-25
7133.2	3.4433e-25
7155.1	3.3633e-25
7177.1	3.2818e-25
7199.2	3.1988e-25
7221.4	3.1145e-25
7243.6	3.0287e-25
7265.9	2.9417e-25
7288.2	2.8533e-25
7310.6	2.7639e-25
7333.1	2.6733e-25
7355.7	2.5817e-25
7378.3	2.4892e-25
7401	2.3959e-25
7423.8	2.3019e-25
7446.6	2.2075e-25
7469.5	2.1128e-25
7492.5	2.0181e-25
7515.5	1.9235e-25
7538.6	1.8295e-25
7561.8	1.7365e-25
7585.1	1.6448e-25
7608.4	1.5552e-25
7631.8	1.4683e-25
7655.3	1.385e-25
7678.8	1.3064e-25
7702.4	1.2337e-25
7726.1	1.1685e-25
7749.9	1.1125e-25
7773.7	1.0675e-25
7797.7	1.0355e-25
7821.6	1.0179e-25
7845.7	1.0161e-25
7869.8	1.0303e-25
7894	1.0604e-25
7918.3	1.1052e-25
7942.7	1.1633e-25
7967.1	1.2331e-25
7991.6	1.3129e-25
8016.2	1.4011e-25
8040.8	1.4964e-25
8065.6	1.5975e-25
8090.4	1.7036e-25
8115.3	1.8138e-25
8140.2	1.9274e-25
8165.3	2.0439e-25
8190.4	2.1627e-25
8215.6	2.2836e-25
8240.8	2.406e-25
8266.2	2.5299e-25
8291.6	2.6548e-25
8317.1	2.7805e-25
8342.7	2.9069e-25
8368.4	3.0338e-25
8394.1	3.161e-25
8419.9	3.2883e-25
8445.8	3.4156e-25
8471.8	3.5428e-25
8497.9	3.6697e-25
8524	3.7962e-25
8550.2	3.9222e-25
8576.5	4.0475e-25
8602.9	4.1721e-25
8629.4	4.2958e-25
8655.9	4.4185e-25
8682.5	4.5401e-25
8709.2	4.6605e-25
8736	4.7796e-25
8762.9	4.8973e-25
8789.8	5.0135e-25
8816.9	5.128e-25
8844	5.2408e-25
8871.2	5.3518e-25
8898.5	5.4609e-25
8925.9	5.5679e-25
8953.3	5.6728e-25
8980.9	5.7754e-25
9008.5	5.8757e-25
9036.2	5.9736e-25
9064	6.0689e-25
9091.9	6.1615e-25
9119.8	6.2514e-25
9147.9	6.3385e-25
9176	6.4226e-25
9204.2	6.5037e-25
9232.6	6.5816e-25
9261	6.6563e-25
9289.4	6.7276e-25
9318	6.7955e-25
9346.7	6.8599e-25
9375.4	6.9207e-25
9404.3	6.9777e-25
9433.2	7.0309e-25
9462.2	7.0802e-25
9491.3	7.1256e-25
9520.5	7.1668e-25
9549.8	7.2039e-25
9579.2	7.2367e-25
9608.6	7.2652e-25
9638.2	7.2893e-25
9667.8	7.3088e-25
9697.6	7.3238e-25
9727.4	7.3342e-25
9757.3	7.3398e-25
9787.3	7.3407e-25
9817.4	7.3366e-25
9847.6	7.3277e-25
9877.9	7.3137e-25
9908.3	7.2948e-25
9938.8	7.2707e-25
9969.3	7.2414e-25
10000	7.2069e-25
